Webots Project File version R2023b
perspectives: 000000ff00000000fd0000000300000000000001ca0000039ffc0200000001fb00000012005300630065006e0065005400720065006501000000000000039f000000000000000000000001000001f600000369fc0200000002fb0000001a0043006f006e0073006f006c00650041006c006c0041006c006c0100000000000001880000003900fffffffb0000001400540065007800740045006400690074006f0072010000018a000001df0000008b00ffffff00000003000005a0000000aefc0100000001fb0000000e0043006f006e0073006f006c006501000001d0000005b00000000000000000000003a80000036900000004000000040000000100000008fc00000000
simulationViewPerspectives: 000000ff0000000100000002000000000000030a0100000002010000000101
sceneTreePerspectives: 000000ff00000001000000030000001e000000c0000000fa0100000002010000000201
minimizedPerspectives: 000000ff00000000fd0000000300000000000001ca0000039ffc0200000001fb00000012005300630065006e0065005400720065006501000000000000039f000000000000000000000001000002d800000284fc0200000001fb0000001400540065007800740045006400690074006f00720100000000000002840000008b00ffffff00000003000005a0000000e3fc0100000002fb0000000e0043006f006e0073006f006c006501000001d0000005b00000000000000000fb0000001a0043006f006e0073006f006c00650041006c006c0041006c006c0100000000000005a00000008700ffffff000002c60000028400000004000000040000000100000008fc00000000
maximizedDockId: -1
centralWidgetVisible: 1
orthographicViewHeight: 1
textFiles: 2 "controllers/epuck_python - ER/epuck_python - ER.py" "controllers/supervisorGA - ER/ga.py" "controllers/supervisorGA - ER/supervisorGA - ER.py"
consoles: Console:All:All
renderingDevicePerspectives: Supervisor:display;1;1;0.121805;0
renderingDevicePerspectives: e-puck:camera;1;1.94231;0;0
